function link=mapspine()
link=inf(25,25);
link(1,1)=0;
link(2,2)=0;
link(3,3)=0;
link(4,4)=0;
link(5,5)=0;
link(6,6)=0;
link(7,7)=0;
link(8,8)=0;
link(9,9)=0;
link(10,10)=0;
link(11,11)=0;
link(12,12)=0;
link(13,13)=0;
link(14,14)=0;
link(15,15)=0;
link(16,16)=0;
link(17,17)=0;
link(18,18)=0;
link(19,19)=0;
link(20,20)=0;
link(21,21)=0;
link(22,22)=0;
link(23,23)=0;
link(24,24)=0;
link(25,25)=0;

link(21,1)=0.1/4;
link(1,21)=0.1/4;
link(21,2)=0.1/4;
link(2,21)=0.1/4;
link(21,3)=0.1/4;
link(3,21)=0.1/4;
link(21,4)=0.1/4;
link(4,21)=0.1/4;
link(21,5)=0.1/4;
link(5,21)=0.1/4;
link(21,6)=0.1/4;
link(6,21)=0.1/4;
link(21,7)=0.1/4;
link(7,21)=0.1/4;
link(21,8)=0.1/4;
link(8,21)=0.1/4;
link(21,9)=0.1/4;
link(9,21)=0.1/4;
link(21,10)=0.1/4;
link(10,21)=0.1/4;
link(21,11)=0.1/4;
link(11,21)=0.1/4;
link(21,12)=0.1/4;
link(12,21)=0.1/4;
link(21,13)=0.1/4;
link(13,21)=0.1/4;
link(21,14)=0.1/4;
link(14,21)=0.1/4;
link(21,15)=0.1/4;
link(15,21)=0.1/4;
link(21,16)=0.1/4;
link(16,21)=0.1/4;
link(21,17)=0.1/4;
link(17,21)=0.1/4;
link(21,18)=0.1/4;
link(18,21)=0.1/4;
link(21,19)=0.1/4;
link(19,21)=0.1/4;
link(21,20)=0.1/4;
link(20,21)=0.1/4;

link(22,1)=0.1/4;
link(1,22)=0.1/4;
link(22,2)=0.1/4;
link(2,22)=0.1/4;
link(22,3)=0.1/4;
link(3,22)=0.1/4;
link(22,4)=0.1/4;
link(4,22)=0.1/4;
link(22,5)=0.1/4;
link(5,22)=0.1/4;
link(22,6)=0.1/4;
link(6,22)=0.1/4;
link(22,7)=0.1/4;
link(7,22)=0.1/4;
link(22,8)=0.1/4;
link(8,22)=0.1/4;
link(22,9)=0.1/4;
link(9,22)=0.1/4;
link(22,10)=0.1/4;
link(10,22)=0.1/4;
link(22,11)=0.1/4;
link(11,22)=0.1/4;
link(22,12)=0.1/4;
link(12,22)=0.1/4;
link(22,13)=0.1/4;
link(13,22)=0.1/4;
link(22,14)=0.1/4;
link(14,22)=0.1/4;
link(22,15)=0.1/4;
link(15,22)=0.1/4;
link(22,16)=0.1/4;
link(16,22)=0.1/4;
link(22,17)=0.1/4;
link(17,22)=0.1/4;
link(22,18)=0.1/4;
link(18,22)=0.1/4;
link(22,19)=0.1/4;
link(19,22)=0.1/4;
link(22,20)=0.1/4;
link(20,22)=0.1/4;

link(23,1)=0.1/4;
link(1,23)=0.1/4;
link(23,2)=0.1/4;
link(2,23)=0.1/4;
link(23,3)=0.1/4;
link(3,23)=0.1/4;
link(23,4)=0.1/4;
link(4,23)=0.1/4;
link(23,5)=0.1/4;
link(5,23)=0.1/4;
link(23,6)=0.1/4;
link(6,23)=0.1/4;
link(23,7)=0.1/4;
link(7,23)=0.1/4;
link(23,8)=0.1/4;
link(8,23)=0.1/4;
link(23,9)=0.1/4;
link(9,23)=0.1/4;
link(23,10)=0.1/4;
link(10,23)=0.1/4;
link(23,11)=0.1/4;
link(11,23)=0.1/4;
link(23,12)=0.1/4;
link(12,23)=0.1/4;
link(23,13)=0.1/4;
link(13,23)=0.1/4;
link(23,14)=0.1/4;
link(14,23)=0.1/4;
link(23,15)=0.1/4;
link(15,23)=0.1/4;
link(23,16)=0.1/4;
link(16,23)=0.1/4;
link(23,17)=0.1/4;
link(17,23)=0.1/4;
link(23,18)=0.1/4;
link(18,23)=0.1/4;
link(23,19)=0.1/4;
link(19,23)=0.1/4;
link(23,20)=0.1/4;
link(20,23)=0.1/4;

% link(24,1)=0.1/4;
% link(1,24)=0.1/4;
% link(24,2)=0.1/4;
% link(2,24)=0.1/4;
% link(24,3)=0.1/4;
% link(3,24)=0.1/4;
% link(24,4)=0.1/4;
% link(4,24)=0.1/4;
% link(24,5)=0.1/4;
% link(5,24)=0.1/4;
% link(24,6)=0.1/4;
% link(6,24)=0.1/4;
% link(24,7)=0.1/4;
% link(7,24)=0.1/4;
% link(24,8)=0.1/4;
% link(8,24)=0.1/4;
% link(24,9)=0.1/4;
% link(9,24)=0.1/4;
% link(24,10)=0.1/4;
% link(10,24)=0.1/4;
% link(24,11)=0.1/4;
% link(11,24)=0.1/4;
% link(24,12)=0.1/4;
% link(12,24)=0.1/4;
% link(24,13)=0.1/4;
% link(13,24)=0.1/4;
% link(24,14)=0.1/4;
% link(14,24)=0.1/4;
% link(24,15)=0.1/4;
% link(15,24)=0.1/4;
% link(24,16)=0.1/4;
% link(16,24)=0.1/4;
% link(24,17)=0.1/4;
% link(17,24)=0.1/4;
% link(24,18)=0.1/4;
% link(18,24)=0.1/4;
% link(24,19)=0.1/4;
% link(19,24)=0.1/4;
% link(24,20)=0.1/4;
% link(20,24)=0.1/4;
% 
% link(25,1)=0.1/4;
% link(1,25)=0.1/4;
% link(25,2)=0.1/4;
% link(2,25)=0.1/4;
% link(25,3)=0.1/4;
% link(3,25)=0.1/4;
% link(25,4)=0.1/4;
% link(4,25)=0.1/4;
% link(25,5)=0.1/4;
% link(5,25)=0.1/4;
% link(25,6)=0.1/4;
% link(6,25)=0.1/4;
% link(25,7)=0.1/4;
% link(7,25)=0.1/4;
% link(25,8)=0.1/4;
% link(8,25)=0.1/4;
% link(25,9)=0.1/4;
% link(9,25)=0.1/4;
% link(25,10)=0.1/4;
% link(10,25)=0.1/4;
% link(25,11)=0.1/4;
% link(11,25)=0.1/4;
% link(25,12)=0.1/4;
% link(12,25)=0.1/4;
% link(25,13)=0.1/4;
% link(13,25)=0.1/4;
% link(25,14)=0.1/4;
% link(14,25)=0.1/4;
% link(25,15)=0.1/4;
% link(15,25)=0.1/4;
% link(25,16)=0.1/4;
% link(16,25)=0.1/4;
% link(25,17)=0.1/4;
% link(17,25)=0.1/4;
% link(25,18)=0.1/4;
% link(18,25)=0.1/4;
% link(25,19)=0.1/4;
% link(19,25)=0.1/4;
% link(25,20)=0.1/4;
% link(20,25)=0.1/4;
