function link=mapstar()
link=inf(21,21);
link(1,1)=0;
link(2,2)=0;
link(3,3)=0;
link(4,4)=0;
link(5,5)=0;
link(6,6)=0;
link(7,7)=0;
link(8,8)=0;
link(9,9)=0;
link(10,10)=0;
link(11,11)=0;
link(12,12)=0;
link(13,13)=0;
link(14,14)=0;
link(15,15)=0;
link(16,16)=0;
link(17,17)=0;
link(18,18)=0;
link(19,19)=0;
link(20,20)=0;
link(21,21)=0;
link(21,1)=0.1/4;
link(1,21)=0.1/4;
link(21,2)=0.1/4;
link(2,21)=0.1/4;
link(21,3)=0.1/4;
link(3,21)=0.1/4;
link(21,4)=0.1/4;
link(4,21)=0.1/4;
link(21,5)=0.1/4;
link(5,21)=0.1/4;
link(21,6)=0.1/4;
link(6,21)=0.1/4;
link(21,7)=0.1/4;
link(7,21)=0.1/4;
link(21,8)=0.1/4;
link(8,21)=0.1/4;
link(21,9)=0.1/4;
link(9,21)=0.1/4;
link(21,10)=0.1/4;
link(10,21)=0.1/4;
link(21,11)=0.1/4;
link(11,21)=0.1/4;
link(21,12)=0.1/4;
link(12,21)=0.1/4;
link(21,13)=0.1/4;
link(13,21)=0.1/4;
link(21,14)=0.1/4;
link(14,21)=0.1/4;
link(21,15)=0.1/4;
link(15,21)=0.1/4;
link(21,16)=0.1/4;
link(16,21)=0.1/4;
link(21,17)=0.1/4;
link(17,21)=0.1/4;
link(21,18)=0.1/4;
link(18,21)=0.1/4;
link(21,19)=0.1/4;
link(19,21)=0.1/4;
link(21,20)=0.1/4;
link(20,21)=0.1/4;
